% Hours	Pressure (Mpa)	Inner Temp (oC) OuterTemp (oC)
0.00	0.1	18.2415500	18.24155
0.08	0.1	18.4051700	18.40517
0.17	0.1	18.3802700	18.38027
0.25	0.1	18.3531100	18.35311
0.33	0.1	18.3531100	18.35311
0.42	0.1	18.3531100	18.35311
0.50	0.1	18.4895500	18.48955
0.58	0.1	18.4623900	18.46239
0.67	0.1	18.4352300	18.43523
0.75	0.1	18.4352300	18.43523
0.83	0.1	18.4080700	18.40807
0.92	0.1	18.3831700	18.38317
1.00	0.1	18.5467700	18.54677
1.08	0.1	18.5196200	18.51962
1.17	0.1	18.4924600	18.49246
1.25	0.1	18.4653000	18.4653
1.33	0.1	18.5199500	18.51995
1.42	0.1	18.4950600	18.49506
1.50	0.1	18.4679000	18.4679
1.58	0.1	18.4679000	18.4679
1.67	0.1	18.4407500	18.44075
1.75	0.1	18.4954000	18.4954
1.83	0.1	18.5523100	18.55231
1.92	0.1	18.5251500	18.52515
2.00	0.1	18.4980100	18.49801
2.08	0.1	18.5127030	18.512703
2.17	0.1	18.5273960	18.527396
2.25	0.1	18.5420890	18.542089
2.33	0.1	18.5567820	18.556782
2.42	0.1	18.5714750	18.571475
2.50	0.1	18.5861680	18.586168
2.58	0.1	18.6008610	18.600861
2.67	0.1	18.6155540	18.615554
2.75	0.1	18.6302470	18.630247
2.83	0.1	18.6449400	18.64494
2.92	0.1	18.6598640	18.659864
3.00	0.1	18.6747880	18.674788
3.08	0.1	18.6897120	18.689712
3.17	0.1	18.7046360	18.704636
3.25	0.1	18.7195600	18.71956
3.33	0.1	18.7344840	18.734484
3.42	0.1	18.7494080	18.749408
3.50	0.1	18.7643320	18.764332
3.58	0.1	18.7792560	18.779256
3.67	0.1	18.7941800	18.79418
3.75	0.31125	20.6824470	20.682447
3.83	0.5225	22.5707140	22.570714
3.92	0.733749999	25.0366477	24.45898099
4.00	0.944999999	32.0881925	26.34724799
4.08	1.156249999	39.1397372	28.23551499
4.17	1.367499999	46.1912819	30.12378199
4.25	1.578749999	53.2428267	32.01204899
4.33	1.789999998	60.2943714	33.90031598
4.42	2.001249998	67.3459161	35.78858298
4.50	2.212499998	74.3974609	37.67684998
4.58	2.564583331	79.4390151	43.86496897
4.67	2.916666664	84.4805694	50.05308797
4.75	3.268749997	89.5221236	56.24120696
4.83	3.62083333	94.5636779	62.42932596
4.92	3.972916663	99.6052321	68.61744495
5.00	4.324999996	104.6467864	74.80556395
5.08	4.677083329	109.6883407	80.99368294
5.17	5.029166662	114.7298949	87.18180194
5.25	5.381249995	119.7714492	93.36992093
5.33	5.733333328	124.8130034	99.55803993
5.42	6.085416661	144.6880507	111.2422859
5.50	6.437499994	164.5630980	122.9265319
5.58	6.789583327	184.4381453	134.6107779
5.67	7.14166666	204.3131925	146.2950239
5.75	7.493749993	224.1882398	157.9792699
5.83	7.845833326	244.0632871	169.6635159
5.92	8.197916659	263.9383344	181.3477618
6.00	8.549999992	283.8133817	193.0320078
6.08	8.902083325	303.6884290	204.7162538
6.17	9.254166658	323.5634762	216.4004998
6.25	9.606249991	321.5065915	227.3399098
6.33	9.958333324	319.4497067	238.2793198
6.42	10.31041666	317.3928219	249.2187298
6.50	10.66249999	315.3359372	260.1581398
6.58	11.01458332	313.2790524	271.0975498
6.67	11.36666666	311.2221677	282.0369598
6.75	11.71874999	309.1652829	292.9763697
6.83	12.07083332	307.1083981	303.9157797
6.92	12.42291666	305.0515134	314.8551897
7.00	12.77499999	302.9946286	325.7945997
7.08	13.12708333	289.9598999	321.7929
7.17	13.47916667	283.0461731	317.4433
7.25	13.83125	280.2462463	312.4516
7.33	14.18333333	282.6499634	310.7863
7.42	14.53541667	299.6800537	312.1346
7.50	14.8875	314.2234497	314.9043
7.58	15.23958333	317.9322510	316.5321
7.67	15.59166667	330.1954346	320.5572
7.75	15.94375	322.1286011	323.1371
7.83	16.29583333	287.6087341	321.6275
7.92	16.64791667	297.0582275	320.2537
8.00	17	311.5805359	321.0955
8.08	17	293.6401978	321.468
8.17	17	280.2699280	319.4671
8.25	17	299.8720093	320.0783
8.33	17	252.6554413	317.1004
8.42	17	212.2485352	312.7946
8.50	17	257.8201294	312.0263
8.58	17	284.4272156	313.1938
8.67	17	294.8172302	314.9605
8.75	17	299.7273254	317.0661
8.83	17	269.2708130	318.6748
8.92	17	200.0537262	317.914
9.00	17	203.5457916	315.7209
9.08	17	200.1191406	314.031
9.17	17	212.6402283	312.6336
9.25	17	210.1997375	312.8459
9.33	17	188.7890625	313.4956
9.42	17	228.9918060	314.8069
9.50	17	258.8277893	316.7267
9.58	17	298.0989075	320.2635
9.67	17	279.5323181	322.2607
9.75	17	271.0303040	324.236
9.83	17	195.3998718	324.9221
9.92	17	244.1615753	324.1808
10.00	17	303.7236938	324.3093
10.08	17	342.9365234	327.2555
10.17	17	357.9897461	332.743
10.25	17	260.2916565	339.3024
10.33	17	189.3892670	339.7482
10.42	17	267.9385376	333.3152
10.50	17	311.2698364	330.8474
10.58	17	327.6732788	332.1628
10.67	17	341.6612244	333.6357
10.75	17	197.3444519	336.6837
10.83	17	199.2703552	332.7207
10.92	17	243.9699402	328.2837
11.00	17	279.8271179	325.4207
11.08	17	306.7114563	324.3178
11.17	17	201.1143799	326.1896
11.25	17	248.2957458	298.4461
11.33	17	289.5879517	289.3002
11.42	17	323.6879272	295.564
11.50	17	331.4783325	303.7803
11.58	17	181.3977814	310.5259
11.67	17	237.9916382	308.9452
11.75	17	310.5913086	308.9231
11.83	17	316.9261475	315.0553
11.92	17	307.4921265	320.9651
12.00	17	307.9599304	323.576
12.08	17	314.9377441	325.8715
12.17	17	321.9155579	328.4517
12.25	17	311.5946655	331.216
12.33	17	298.0458069	332.0895
12.42	17	292.4899292	332.0172
12.50	17	286.7077026	331.6298
12.58	17	284.3038330	331.239
12.67	17	291.4414368	330.3742
12.75	17	284.0316467	329.5121
12.83	17	284.4717712	328.6482
12.92	17	281.4811096	327.9375
13.00	17	286.0989990	327.4861
13.08	17	286.0989990	326.8865
13.17	17	266.0029907	327.0867
13.25	17	267.2494812	326.6912
13.33	17	295.4310913	326.9612
13.42	17	281.4248047	326.7583
13.50	17	281.7183228	326.216
13.58	17	281.6524963	326.3033
13.67	17	281.9460449	326.4214
13.75	17	291.1616516	326.8267
13.83	17	287.2611084	328.0484
13.92	17	293.8927002	328.4536
14.00	17	310.6862183	327.4688
14.08	17	252.1852417	325.2241
14.17	17	183.4127808	328.7827
14.25	17	283.7553101	326.9834
14.33	17	303.7706299	328.3344
14.42	17	263.6487427	327.1657
14.50	17	306.6929626	323.5928
14.58	17	216.9416504	322.896
14.67	17	276.6859741	322.8316
14.75	17	320.8434753	326.3657
14.83	17	329.8521118	332.7638
14.92	17	340.8221130	333.3941
15.00	17	354.2434387	334.0242
15.08	17	376.0128174	341.0437
15.17	17	387.0279846	351.7957
15.25	17	393.3498535	361.9328
15.33	17	383.5445862	369.6743
15.42	17	400.2590027	371.4911
15.50	17	418.1553650	381.278
15.58	17	421.2487793	393.9871
15.67	17	424.3421631	402.8033
15.75	17	427.4355469	409.5849
15.83	17	430.5289307	414.9245
15.92	17	435.0936279	420.2918
16.00	17	444.4037781	426.5934
16.08	17	450.3166504	433.9788
16.17	17	455.0151062	441.0696
16.25	17	459.7135620	447.6657
16.33	17	462.7024841	453.1791
16.42	17	464.9703064	458.0258
16.50	17	467.2381287	462.2224
16.58	17	469.5059814	466.2185
16.67	17	471.7738037	469.7497
16.75	17	474.0416260	472.9707
16.83	17	476.3094482	475.3857
16.92	17	478.3327026	477.5254
17.00	17	479.6304000	478.8111267
17.08	17	481.4928000	479.2895508
17.17	17	482.9362000	479.7679749
17.25	17	483.8856000	480.2463989
17.33	17	485.0617000	480.724823
17.42	17	485.7981000	481.2032166
17.50	17	486.5340000	481.6816406
17.58	17	487.3881000	482.1600647
17.67	17	488.1254000	482.6384888
17.75	17	488.6816000	483.1169128
17.83	17	489.3955000	483.5953064
17.92	17	490.0360000	484.0737305
18.00	17	491.2813000	484.5521545
18.08	17	492.9857000	484.6478271
18.17	17	493.9996000	484.6478271
18.25	17	494.0556000	485.1262512
18.33	17	494.4259000	485.6046753
18.42	17	494.6465000	486.0830994
18.50	17	494.5574000	486.5615234
18.58	17	495.3979000	486.9716797
18.67	17	495.7755000	486.4751892
18.75	17	494.8836000	485.9786682
18.83	17	493.4085000	485.4821472
18.92	17	491.8215000	484.9856567
19.00	17	491.5046000	484.4891357
19.08	17	492.5004000	483.1044312
19.17	17	491.5311000	480.6486816
19.25	17	491.3341000	478.1929016
19.33	17	491.6797000	481.5060425
19.42	17	492.4865000	484.2426147
19.50	17	493.7219000	480.133606
19.58	17	494.5286000	481.6455078
19.67	17	494.8374000	483.1574402
19.75	17	495.0264000	484.669342
19.83	17	494.8720000	486.1812439
19.92	17	494.6404000	487.6237183
20.00	17	494.5977000	487.2414551
20.08	17	494.5920000	486.8591614
20.17	17	494.5921000	486.4768982
20.25	17	494.0130000	486.094635
20.33	17	493.0822000	485.7123718
20.42	17	492.3835000	485.3301086
20.50	17	492.0773000	484.9478455
20.58	17	491.8837000	484.5655518
20.67	17	491.2685000	484.1832886
20.75	17	490.9154000	483.8010254
20.83	17	490.8362000	483.4187622
20.92	17	490.7185000	483.036499
21.00	17	490.4422000	482.6542053
21.08	17	489.8267000	482.2719421
21.17	17	489.6747000	481.889679
21.25	17	489.5220000	481.5074158
21.33	17	488.9053000	481.1251526
21.42	17	487.9789000	480.7428894
21.50	17	487.2066000	480.3605957
21.58	17	486.7065000	479.9783325
21.67	17	486.3976000	479.5960693
21.75	17	486.2085000	479.2138062
21.83	17	486.0540000	478.831543
21.92	17	486.1312000	478.4492798
22.00	17	486.0540000	478.0669861
22.08	17	486.0194000	477.0348816
22.17	17	485.8648000	476.6526184
22.25	17	485.6758000	476.2703247
22.33	17	485.5909000	475.8880615
22.42	17	485.5097000	475.5057983
22.50	17	485.3595000	475.1235352
22.58	17	485.0170000	474.7564697
22.67	17	484.7100000	474.7893677
22.75	17	484.6705000	474.8222351
22.83	17	484.6347000	474.8551025
22.92	17	484.4446000	474.88797
23.00	17	484.3712000	474.9208374
23.08	17	484.4935000	474.9537354
23.17	17	484.8752000	474.9866028
23.25	17	484.7166000	475.0194702
23.33	17	484.5599000	475.0523376
23.42	17	484.4864000	475.0852051
23.50	17	484.5657000	475.1180725
23.58	17	484.5652000	475.1509705
23.67	17	484.7226000	475.1838379
23.75	17	484.9141000	475.2167053
23.83	17	484.9157000	475.2495728
23.92	17	484.7967000	475.2824402
24.00	17	484.7972000	475.3153076
24.08	17	484.6718000	475.3482056
24.17	17	484.5177000	475.381073
24.25	17	484.5543000	475.4139404
24.33	17	484.5925000	475.4468079
24.42	17	484.6707000	475.4796753
24.50	17	484.7059000	475.5125732
24.58	17	484.6288000	475.5454407
24.67	17	484.6580000	475.5783081
24.75	17	484.6536000	475.6111755
24.83	17	484.7664000	475.644043
24.92	17	484.6153000	475.6769104
25.00	17	484.5411000	475.7098083
25.08	17	484.5791000	475.7426758
25.17	17	484.5799000	475.7755432
25.25	17	484.4258000	475.8084106
25.33	17	484.4259000	475.8412781
25.42	17	484.4260000	475.8741455
25.50	17	484.4213000	475.9070435
25.58	17	484.5747000	475.9399109
25.67	17	484.7311000	475.9727783
25.75	17	484.8505000	476.0056458
25.83	17	485.0833000	476.0385132
25.92	17	485.0840000	476.0713806
26.00	17	484.6234000	476.1042786
26.08	17	484.9350000	476.1075439
26.17	17	484.9792000	476.1108398
26.25	17	484.9028000	476.1141357
26.33	17	484.6240000	476.1141357
26.42	17	484.5474000	476.1470032
26.50	17	484.6710000	476.1798706
26.58	17	484.6740000	476.212738
26.67	17	484.7957000	476.2456055
26.75	17	484.6421000	476.2785034
26.83	17	484.6021000	476.3113708
26.92	17	484.6034000	476.3442383
27.00	17	484.5707000	476.3771057
27.08	17	484.6899000	476.4099731
27.17	17	484.6907000	476.4428711
27.25	17	484.7338000	476.4757385
27.33	17	484.6222000	476.508606
27.42	17	484.3131000	476.5414734
27.50	17	484.1241000	476.5743408
27.58	17	484.2786000	476.6072083
27.67	17	484.3985000	476.6401062
27.75	17	484.3985000	476.6729736
27.83	17	484.3985000	476.7058411
27.92	17	484.3985000	476.7387085
28.00	17	485.0165000	476.7715759
28.08	17	485.0165000	476.8044434
28.17	17	485.0170000	474.7564697
28.25	17	484.7100000	474.7893677
28.33	17	484.6705000	474.8222351
28.42	17	484.6347000	474.8551025
28.50	17	484.4446000	474.88797
28.58	17	484.3712000	474.9208374
28.67	17	484.4935000	474.9537354
28.75	17	484.8752000	474.9866028
28.83	17	484.7166000	475.0194702
28.92	17	484.5599000	475.0523376
29.00	17	484.4864000	475.0852051
29.08	17	484.5657000	475.1180725
29.17	17	484.5652000	475.1509705
29.25	17	484.7226000	475.1838379
29.33	17	484.9141000	475.2167053
29.42	17	484.9157000	475.2495728
29.50	17	484.7967000	475.2824402
29.58	17	484.7972000	475.3153076
29.67	17	484.6718000	475.3482056
29.75	17	484.5177000	475.381073
29.83	17	484.5543000	475.4139404
29.92	17	484.5925000	475.4468079
30.00	17	484.6707000	475.4796753
30.08	17	484.7059000	475.5125732
30.17	17	484.6288000	475.5454407
30.25	17	484.6580000	475.5783081
30.33	17	484.6536000	475.6111755
30.42	17	484.7664000	475.644043
30.50	17	484.6153000	475.6769104
30.58	17	484.5411000	475.7098083
30.67	17	484.5791000	475.7426758
30.75	17	484.5799000	475.7755432
30.83	17	484.4258000	475.8084106
30.92	17	484.4259000	475.8412781
31.00	17	484.4260000	475.8741455
31.08	17	484.4213000	475.9070435
31.17	17	484.5747000	475.9399109
31.25	17	484.7311000	475.9727783
31.33	17	484.8505000	476.0056458
31.42	17	485.0833000	476.0385132
31.50	17	485.0840000	476.0713806
31.58	17	484.6234000	476.1042786
31.67	17	484.9350000	476.1075439
31.75	17	484.9792000	476.1108398
31.83	17	484.9028000	476.1141357
31.92	17	484.6240000	476.1141357
32.00	17	484.5474000	476.1470032
32.08	17	484.6710000	476.1798706
32.17	17	484.6740000	476.212738
32.25	17	484.7957000	476.2456055
32.33	17	484.6421000	476.2785034
32.42	17	484.6021000	476.3113708
32.50	17	484.6034000	476.3442383
32.58	17	484.5707000	476.3771057
32.67	17	484.6899000	476.4099731
32.75	17	484.6907000	476.4428711
32.83	17	484.7338000	476.4757385
32.92	17	484.6222000	476.508606
33.00	17	484.3131000	476.5414734
33.08	17	484.1241000	476.5743408
33.17	17	484.2786000	476.6072083
33.25	17	484.3985000	476.6401062
33.33	17	484.3985000	476.6729736
33.42	17	484.3985000	476.7058411
33.50	17	484.3985000	476.7387085
33.58	17	485.0165000	476.7715759
33.67	17	485.0165000	476.8044434
33.75	17	485.0170000	474.7564697
33.83	17	484.7100000	474.7893677
33.92	17	484.6705000	474.8222351
34.00	17	484.6347000	474.8551025
34.08	17	484.4446000	474.88797
34.17	17	484.3712000	474.9208374
34.25	17	484.4935000	474.9537354
34.33	17	484.8752000	474.9866028
34.42	17	484.7166000	475.0194702
34.50	17	484.5599000	475.0523376
34.58	17	484.4864000	475.0852051
34.67	17	484.5657000	475.1180725
34.75	17	484.5652000	475.1509705
34.83	17	484.7226000	475.1838379
34.92	17	484.9141000	475.2167053
35.00	17	484.9157000	475.2495728
35.08	17	484.7967000	475.2824402
35.17	17	484.7972000	475.3153076
35.25	17	484.6718000	475.3482056
35.33	17	484.5177000	475.381073
35.42	17	484.5543000	475.4139404
35.50	17	484.5925000	475.4468079
35.58	17	484.6707000	475.4796753
35.67	17	484.7059000	475.5125732
35.75	17	484.6288000	475.5454407
35.83	17	484.6580000	475.5783081
35.92	17	484.6536000	475.6111755
36.00	17	484.7664000	475.644043
36.08	17	484.6153000	475.6769104
36.17	17	484.5411000	475.7098083
36.25	17	484.5791000	475.7426758
36.33	17	484.5799000	475.7755432
36.42	17	484.4258000	475.8084106
36.50	17	484.4259000	475.8412781
36.58	17	484.4260000	475.8741455
36.67	17	484.4213000	475.9070435
36.75	17	484.5747000	475.9399109
36.83	17	484.7311000	475.9727783
36.92	17	484.8505000	476.0056458
37.00	17	485.0833000	476.0385132
37.08	17	485.0840000	476.0713806
37.17	17	484.6234000	476.1042786
37.25	17	484.9350000	476.1075439
37.33	17	484.9792000	476.1108398
37.42	17	484.9028000	476.1141357
37.50	17	484.6240000	476.1141357
37.58	17	484.5474000	476.1470032
37.67	17	484.6710000	476.1798706
37.75	17	484.6740000	476.212738
37.83	17	484.7957000	476.2456055
37.92	17	484.6421000	476.2785034
38.00	17	484.6021000	476.3113708
38.08	17	484.6034000	476.3442383
38.17	17	484.5707000	476.3771057
38.25	17	484.6899000	476.4099731
38.33	17	484.6907000	476.4428711
38.42	17	484.7338000	476.4757385
38.50	17	484.6222000	476.508606
38.58	17	484.3131000	476.5414734
38.67	17	484.1241000	476.5743408
38.75	17	484.2786000	476.6072083
38.83	17	484.3985000	476.6401062
38.92	17	484.3985000	476.6729736
39.00	17	484.3985000	476.7058411
39.08	17	484.3985000	476.7387085
39.17	17	485.0165000	476.7715759
39.25	17	485.0165000	476.8044434
39.33	17	485.0170000	474.7564697
39.42	17	484.7100000	474.7893677
39.50	17	484.6705000	474.8222351
39.58	17	484.6347000	474.8551025
39.67	17	484.4446000	474.88797
39.75	17	484.3712000	474.9208374
39.83	17	484.4935000	474.9537354
39.92	17	484.8752000	474.9866028
40.00	17	484.7166000	475.0194702
40.08	17	484.5599000	475.0523376
40.17	17	484.4864000	475.0852051
40.25	17	484.5657000	475.1180725
40.33	17	484.5652000	475.1509705
40.42	17	484.7226000	475.1838379
40.50	17	484.9141000	475.2167053
40.58	17	484.9157000	475.2495728
40.67	17	484.7967000	475.2824402
40.75	17	484.7972000	475.3153076
40.83	17	484.6718000	475.3482056
40.92	17	484.5177000	475.381073
41.00	17	484.5543000	475.4139404
41.08	17	484.5925000	475.4468079
41.17	17	484.6707000	475.4796753
41.25	17	484.7059000	475.5125732
41.33	17	484.6288000	475.5454407
41.42	17	484.6580000	475.5783081
41.50	17	484.6536000	475.6111755
41.58	17	484.7664000	475.644043
41.67	17	484.6153000	475.6769104
41.75	17	484.5411000	475.7098083
41.83	17	484.5791000	475.7426758
41.92	17	484.5799000	475.7755432
42.00	17	484.4258000	475.8084106
42.08	17	484.4259000	475.8412781
42.17	17	484.4260000	475.8741455
42.25	17	484.4213000	475.9070435
42.33	17	484.5747000	475.9399109
42.42	17	484.7311000	475.9727783
42.50	17	484.8505000	476.0056458
42.58	17	485.0833000	476.0385132
42.67	17	485.0840000	476.0713806
42.75	17	484.6234000	476.1042786
42.83	17	484.9350000	476.1075439
42.92	17	484.9792000	476.1108398
43.00	17	484.9028000	476.1141357
43.08	17	484.6240000	476.1141357
43.17	17	484.5474000	476.1470032
43.25	17	484.6710000	476.1798706
43.33	17	484.6740000	476.212738
43.42	17	484.7957000	476.2456055
43.50	17	484.6421000	476.2785034
43.58	17	484.6021000	476.3113708
43.67	17	484.6034000	476.3442383
43.75	17	484.5707000	476.3771057
43.83	17	484.6899000	476.4099731
43.92	17	484.6907000	476.4428711
44.00	17	484.7338000	476.4757385
44.08	17	484.6222000	476.508606
44.17	17	484.3131000	476.5414734
44.25	17	484.1241000	476.5743408
44.33	17	484.2786000	476.6072083
44.42	17	484.3985000	476.6401062
44.50	17	484.3985000	476.6729736
44.58	17	484.3985000	476.7058411
44.67	17	484.3985000	476.7387085
44.75	17	485.0165000	476.7715759
44.83	17	485.0165000	476.8044434
44.92	17	485.0170000	474.7564697
45.00	17	484.7100000	474.7893677
45.08	17	484.6705000	474.8222351
45.17	17	484.6347000	474.8551025
45.25	17	484.4446000	474.88797
45.33	17	484.3712000	474.9208374
45.42	17	484.4935000	474.9537354
45.50	17	484.8752000	474.9866028
45.58	17	484.7166000	475.0194702
45.67	17	484.5599000	475.0523376
45.75	17	484.4864000	475.0852051
45.83	17	484.5657000	475.1180725
45.92	17	484.5652000	475.1509705
46.00	17	484.7226000	475.1838379
46.08	17	484.9141000	475.2167053
46.17	17	484.9157000	475.2495728
46.25	17	484.7967000	475.2824402
46.33	17	484.7972000	475.3153076
46.42	17	484.6718000	475.3482056
46.50	17	484.5177000	475.381073
46.58	17	484.5543000	475.4139404
46.67	17	484.5925000	475.4468079
46.75	17	484.6707000	475.4796753
46.83	17	484.7059000	475.5125732
46.92	17	484.6288000	475.5454407
47.00	17	484.6580000	475.5783081
47.08	17	484.6536000	475.6111755
47.17	17	484.7664000	475.644043
47.25	17	484.6153000	475.6769104
47.33	17	484.5411000	475.7098083
47.42	17	484.5791000	475.7426758
47.50	17	484.5799000	475.7755432
47.58	17	484.4258000	475.8084106
47.67	17	484.4259000	475.8412781
47.75	17	484.4260000	475.8741455
47.83	17	484.4213000	475.9070435
47.92	17	484.5747000	475.9399109
48.00	17	484.7311000	475.9727783
48.08	17	484.8505000	476.0056458
48.17	17	485.0833000	476.0385132
48.25	17	485.0840000	476.0713806
48.33	17	484.6234000	476.1042786
48.42	17	484.9350000	476.1075439
48.50	17	484.9792000	476.1108398
48.58	17	484.9028000	476.1141357
48.67	17	484.6240000	476.1141357
48.75	17	484.5474000	476.1470032
48.83	17	484.6710000	476.1798706
48.92	17	484.6740000	476.212738
49.00	17	484.7957000	476.2456055
49.08	17	484.6421000	476.2785034
49.17	17	484.6021000	476.3113708
49.25	17	484.6034000	476.3442383
49.33	17	484.5707000	476.3771057
49.42	17	484.6899000	476.4099731
49.50	17	484.6907000	476.4428711
49.58	17	484.7338000	476.4757385
49.67	17	484.6222000	476.508606
49.75	17	484.3131000	476.5414734
49.83	17	484.1241000	476.5743408
49.92	17	484.2786000	476.6072083
50.00	17	484.3985000	476.6401062
50.08	17	484.3985000	476.6729736
50.17	17	484.3985000	476.7058411
50.25	17	484.3985000	476.7387085
50.33	17	485.0165000	476.7715759
50.42	17	485.0165000	476.8044434
50.50	17	484.3985000	476.8373413
50.58	17	483.7804000	476.8702087
50.67	17	483.6686000	476.9030762
50.75	17	483.6340000	476.9359436
50.83	17	483.5568000	476.6972351
50.92	17	483.5568000	476.131073
51.00	17	483.5568000	475.5648804
51.08	17	483.5568000	474.9986877
51.17	16.40740741	467.4570211	467.4570211
51.25	15.81481481	459.9153544	459.9153544
51.33	15.22222222	452.3736878	452.3736878
51.42	14.62962963	444.8320211	444.8320211
51.50	14.03703704	437.2903544	437.2903544
51.58	13.44444444	429.7486878	429.7486878
51.67	12.85185185	422.2070211	422.2070211
51.75	12.25925926	414.6653545	414.6653545
51.83	11.66666667	407.1236878	407.1236878
51.92	11.07407407	399.5820211	399.5820211
52.00	10.48148148	392.0403545	392.0403545
52.08	9.888888889	384.4986878	384.4986878
52.17	9.296296296	376.9570212	376.9570212
52.25	8.703703704	369.4153545	369.4153545
52.33	8.5	361.8736878	361.8736878
52.42	8.5	354.3320212	354.3320212
52.50	8.5	346.7903545	346.7903545
52.58	8.5	339.2486879	339.2486879
52.67	8.5	331.7070212	331.7070212
52.75	8.5	324.1653546	324.1653546
52.83	8.5	316.6236879	316.6236879
52.92	8.5	309.0820212	309.0820212
53.00	8.5	301.5403546	301.5403546
53.08	8.5	293.9986879	293.9986879
53.17	8.5	286.4570213	286.4570213
53.25	8.5	278.9153546	278.9153546
53.33	8.5	271.3736879	271.3736879
53.42	8.5	263.8320213	263.8320213
53.50	8.5	256.2903546	256.2903546
53.58	8.5	248.7486880	248.748688
53.67	8.5	242.2467500	241.2070213
53.75	8.5	242.4376000	237.4768677
53.83	8.5	242.3583000	237.4933014
53.92	8.5	242.2799500	237.5097351
54.00	8.5	242.2432000	237.5261688
54.08	8.5	242.2828500	237.5426025
54.17	8.5	242.2826000	237.5590363
54.25	8.5	242.3613000	237.5754852
54.33	8.5	242.4570500	237.5919189
54.42	8.5	242.4578500	237.6083527
54.50	8.5	242.3983500	237.6247864
54.58	8.5	242.3986000	237.6412201
54.67	8.5	242.3359000	237.6576538
54.75	8.5	242.2588500	237.6741028
54.83	8.5	242.2771500	237.6905365
54.92	8.5	242.2962500	237.7069702
55.00	8.5	242.3353500	237.7234039
55.08	8.5	242.3529500	237.7398376
55.17	8.5	242.3144000	237.7562866
55.25	8.5	242.3290000	237.7727203
55.33	8.5	242.3268000	237.7891541
55.42	8.5	242.3832000	237.8055878
55.50	8.5	242.3076500	237.8220215
55.58	8.5	242.2705500	237.8384552
55.67	8.5	242.2895500	237.8549042
55.75	8.5	242.2899500	237.8713379
55.83	8.5	242.2129000	237.8877716
55.92	8.5	242.2129500	237.9042053
56.00	8.5	242.2130000	237.920639
56.08	8.5	242.2106500	237.9370728
56.17	8.5	242.2873500	237.9535217
56.25	8.5	242.3655500	237.9699554
56.33	8.5	242.4252500	237.9863892
56.42	8.5	242.5416500	238.0028229
56.50	8.5	242.5420000	238.0192566
56.58	8.5	242.3117000	238.0356903
56.67	8.5	242.4675000	238.0521393
56.75	8.5	242.4896000	238.053772
56.83	8.5	242.4514000	238.0554199
56.92	8.5	242.3120000	238.0570679
57.00	8.5	242.2737000	238.0570679
57.08	8.5	242.3355000	238.0735016
57.17	8.5	242.3370000	238.0899353
57.25	8.5	242.3978500	238.106369
57.33	8.5	242.3210500	238.1228027
57.42	8.5	242.3010500	238.1392517
57.50	8.5	242.3017000	238.1556854
57.58	8.5	242.2853500	238.1721191
57.67	8.5	242.3449500	238.1885529
57.75	8.5	242.3453500	238.2049866
57.83	8.5	242.3669000	238.2214355
57.92	8.5	242.3111000	238.2378693
58.00	8.5	242.1565500	238.254303
58.08	8.5	242.0620500	238.2707367
58.17	8.5	242.1393000	238.2871704
58.25	8.5	242.1992500	238.3036041
58.33	8.5	242.1992500	238.3200531
58.42	8.5	242.1992500	238.3364868
58.50	8.5	242.1992500	238.3529205
58.58	8.5	242.5082500	238.3693542
58.67	8.5	242.5082500	238.385788
58.75	8.5	242.5085000	238.4022217
58.83	8.5	242.3550000	237.3782349
58.92	8.5	242.3352500	237.3946838
59.00	8.5	242.3173500	237.4111176
59.08	8.5	242.2223000	237.4275513
59.17	8.5	242.1856000	237.443985
59.25	8.5	242.2467500	237.4604187
59.33	8.5	242.4376000	237.4768677
59.42	8.5	242.3583000	237.4933014
59.50	8.5	242.2799500	237.5097351
59.58	8.5	242.2432000	237.5261688
59.67	8.5	242.2828500	237.5426025
59.75	8.5	242.2826000	237.5590363
59.83	8.5	242.3613000	237.5754852
59.92	8.5	242.4570500	237.5919189
60.00	8.5	242.4578500	237.6083527
60.08	8.5	242.3983500	237.6247864
60.17	8.5	242.3986000	237.6412201
60.25	8.5	242.3359000	237.6576538
60.33	8.5	242.2588500	237.6741028
60.42	8.5	242.2771500	237.6905365
60.50	8.5	242.2962500	237.7069702
60.58	8.5	242.3353500	237.7234039
60.67	8.5	242.3529500	237.7398376
60.75	8.5	242.3144000	237.7562866
60.83	8.5	242.3290000	237.7727203
60.92	8.5	242.3268000	237.7891541
61.00	8.5	242.3832000	237.8055878
61.08	8.5	242.3076500	237.8220215
61.17	8.5	242.2705500	237.8384552
61.25	8.5	242.2895500	237.8549042
61.33	8.5	242.2899500	237.8713379
61.42	8.5	242.2129000	237.8877716
61.50	8.5	242.2129500	237.9042053
61.58	8.5	242.2130000	237.920639
61.67	8.5	242.2106500	237.9370728
61.75	8.5	242.2873500	237.9535217
61.83	8.5	242.3655500	237.9699554
61.92	8.5	242.4252500	237.9863892
62.00	8.5	242.5416500	238.0028229
62.08	8.5	242.5420000	238.0192566
62.17	8.5	242.3117000	238.0356903
62.25	8.5	242.4675000	238.0521393
62.33	8.5	242.4896000	238.053772
62.42	8.5	242.4514000	238.0554199
62.50	8.5	242.3120000	238.0570679
62.58	8.5	242.2737000	238.0570679
62.67	8.5	242.3355000	238.0735016
62.75	8.5	242.3370000	238.0899353
62.83	8.5	242.3978500	238.106369
62.92	8.5	242.3210500	238.1228027
63.00	8.5	242.3010500	238.1392517
63.08	8.5	242.3017000	238.1556854
63.17	8.5	242.2853500	238.1721191
63.25	8.5	242.3449500	238.1885529
63.33	8.5	242.3453500	238.2049866
63.42	8.5	242.3669000	238.2214355
63.50	8.5	242.3111000	238.2378693
63.58	8.5	242.1565500	238.254303
63.67	8.5	242.0620500	238.2707367
63.75	8.5	242.1393000	238.2871704
63.83	8.5	242.1992500	238.3036041
63.92	8.5	242.1992500	238.3200531
64.00	8.5	242.1992500	238.3364868
64.08	8.5	242.1992500	238.3529205
64.17	8.5	242.5082500	238.3693542
64.25	8.5	242.5082500	238.385788
64.33	8.5	242.5085000	238.4022217
64.42	8.5	242.3550000	237.3782349
64.50	8.5	242.3352500	237.3946838
64.58	8.5	242.3173500	237.4111176
64.67	8.5	242.2223000	237.4275513
64.75	8.5	242.1856000	237.443985
64.83	8.5	242.2467500	237.4604187
64.92	8.5	242.4376000	237.4768677
65.00	8.5	242.3583000	237.4933014
65.08	8.5	242.2799500	237.5097351
65.17	8.5	242.2432000	237.5261688
65.25	8.5	242.2828500	237.5426025
65.33	8.5	242.2826000	237.5590363
65.42	8.5	242.3613000	237.5754852
65.50	8.5	242.4570500	237.5919189
65.58	8.5	242.4578500	237.6083527
65.67	8.5	242.3983500	237.6247864
65.75	8.5	242.3986000	237.6412201
65.83	8.5	242.3359000	237.6576538
65.92	8.5	242.2588500	237.6741028
66.00	8.5	242.2771500	237.6905365
66.08	8.5	242.2962500	237.7069702
66.17	8.5	242.3353500	237.7234039
66.25	8.5	242.3529500	237.7398376
66.33	8.5	242.3144000	237.7562866
66.42	8.5	242.3290000	237.7727203
66.50	8.5	242.3268000	237.7891541
66.58	8.5	242.3832000	237.8055878
66.67	8.5	242.3076500	237.8220215
66.75	8.5	242.2705500	237.8384552
66.83	8.5	242.2895500	237.8549042
66.92	8.5	242.2899500	237.8713379
67.00	8.5	242.2129000	237.8877716
67.08	8.5	242.2129500	237.9042053
67.17	8.5	242.2130000	237.920639
67.25	8.5	242.2106500	237.9370728
67.33	8.5	242.2873500	237.9535217
67.42	8.5	242.3655500	237.9699554
67.50	8.5	242.4252500	237.9863892
67.58	8.5	242.5416500	238.0028229
67.67	8.5	242.5420000	238.0192566
67.75	8.5	242.3117000	238.0356903
67.83	8.5	242.4675000	238.0521393
67.92	8.5	242.4896000	238.053772
68.00	8.5	242.4514000	238.0554199
68.08	8.5	242.3120000	238.0570679
68.17	8.5	242.2737000	238.0570679
68.25	8.5	242.3355000	238.0735016
68.33	8.5	242.3370000	238.0899353
68.42	8.5	242.3978500	238.106369
68.50	8.5	242.3210500	238.1228027
68.58	8.5	242.3010500	238.1392517
68.67	8.5	242.3017000	238.1556854
68.75	8.5	242.2853500	238.1721191
68.83	8.5	242.3449500	238.1885529
68.92	8.5	242.3453500	238.2049866
69.00	8.5	242.3669000	238.2214355
69.08	8.5	242.3111000	238.2378693
69.17	8.5	242.1565500	238.254303
69.25	8.5	242.0620500	238.2707367
69.33	8.5	242.1393000	238.2871704
69.42	8.5	242.1992500	238.3036041
69.50	8.5	242.1992500	238.3200531
69.58	8.5	242.1992500	238.3364868
69.67	8.5	242.1992500	238.3529205
69.75	8.5	242.5082500	238.3693542
69.83	8.5	242.5082500	238.385788
69.92	8.5	242.5085000	238.4022217
70.00	8.5	242.3550000	237.3782349
70.08	8.5	242.3352500	237.3946838
70.17	8.5	242.3173500	237.4111176
70.25	8.5	242.2223000	237.4275513
70.33	8.5	242.1856000	237.443985
70.42	8.5	242.2467500	237.4604187
70.50	8.5	242.4376000	237.4768677
70.58	8.549999992	244.0632871	238.2793198
70.67	8.902083325	263.9383344	249.2187298
70.75	9.254166658	283.8133817	260.1581398
70.83	9.606249991	303.6884290	271.0975498
70.92	9.958333324	323.5634762	282.0369598
71.00	10.31041666	321.5065915	292.9763697
71.08	10.66249999	319.4497067	303.9157797
71.17	11.01458332	317.3928219	314.8551897
71.25	11.36666666	315.3359372	325.7945997
71.33	11.71874999	313.2790524	321.7929
71.42	12.07083332	311.2221677	317.4433
71.50	12.42291666	309.1652829	312.4516
71.58	12.77499999	307.1083981	310.7863
71.67	13.12708333	305.0515134	312.1346
71.75	13.47916667	302.9946286	314.9043
71.83	13.83125	289.9598999	316.5321
71.92	14.18333333	283.0461731	320.5572
72.00	14.53541667	280.2462463	323.1371
72.08	14.8875	282.6499634	321.6275
72.17	15.23958333	299.6800537	320.2537
72.25	15.59166667	314.2234497	321.0955
72.33	15.94375	317.9322510	321.468
72.42	16.29583333	330.1954346	319.4671
72.50	16.64791667	322.1286011	320.0783
72.58	17	287.6087341	317.1004
72.67	17	297.0582275	312.7946
72.75	17	311.5805359	312.0263
72.83	17	293.6401978	313.1938
72.92	17	280.2699280	314.9605
73.00	17	299.8720093	317.0661
73.08	17	252.6554413	318.6748
73.17	17	212.2485352	317.914
73.25	17	257.8201294	315.7209
73.33	17	284.4272156	314.031
73.42	17	294.8172302	312.6336
73.50	17	299.7273254	312.8459
73.58	17	269.2708130	313.4956
73.67	17	200.0537262	314.8069
73.75	17	203.5457916	316.7267
73.83	17	200.1191406	320.2635
73.92	17	212.6402283	322.2607
74.00	17	210.1997375	324.236
74.08	17	188.7890625	324.9221
74.17	17	228.9918060	324.1808
74.25	17	258.8277893	324.3093
74.33	17	298.0989075	327.2555
74.42	17	279.5323181	332.743
74.50	17	271.0303040	339.3024
74.58	17	195.3998718	339.7482
74.67	17	244.1615753	333.3152
74.75	17	303.7236938	330.8474
74.83	17	342.9365234	332.1628
74.92	17	357.9897461	333.6357
75.00	17	260.2916565	336.6837
75.08	17	189.3892670	332.7207
75.17	17	267.9385376	328.2837
75.25	17	311.2698364	325.4207
75.33	17	327.6732788	324.3178
75.42	17	341.6612244	326.1896
75.50	17	197.3444519	298.4461
75.58	17	199.2703552	289.3002
75.67	17	243.9699402	295.564
75.75	17	279.8271179	303.7803
75.83	17	306.7114563	310.5259
75.92	17	201.1143799	308.9452
76.00	17	248.2957458	308.9231
76.08	17	289.5879517	315.0553
76.17	17	323.6879272	320.9651
76.25	17	331.4783325	323.576
76.33	17	181.3977814	325.8715
76.42	17	237.9916382	328.4517
76.50	17	310.5913086	331.216
76.58	17	316.9261475	332.0895
76.67	17	307.4921265	332.0172
76.75	17	307.9599304	331.6298
76.83	17	314.9377441	331.239
76.92	17	321.9155579	330.3742
77.00	17	311.5946655	329.5121
77.08	17	298.0458069	328.6482
77.17	17	292.4899292	327.9375
77.25	17	286.7077026	327.4861
77.33	17	284.3038330	326.8865
77.42	17	291.4414368	327.0867
77.50	17	284.0316467	326.6912
77.58	17	284.4717712	326.9612
77.67	17	281.4811096	326.7583
77.75	17	286.0989990	326.216
77.83	17	286.0989990	326.3033
77.92	17	266.0029907	326.4214
78.00	17	267.2494812	326.8267
78.08	17	295.4310913	328.0484
78.17	17	281.4248047	328.4536
78.25	17	281.7183228	327.4688
78.33	17	281.6524963	325.2241
78.42	17	281.9460449	328.7827
78.50	17	291.1616516	326.9834
78.58	17	287.2611084	328.3344
78.67	17	293.8927002	327.1657
78.75	17	310.6862183	323.5928
78.83	17	252.1852417	322.896
78.92	17	183.4127808	322.8316
79.00	17	283.7553101	326.3657
79.08	17	303.7706299	332.7638
79.17	17	263.6487427	333.3941
79.25	17	306.6929626	334.0242
79.33	17	216.9416504	341.0437
79.42	17	276.6859741	351.7957
79.50	17	320.8434753	361.9328
79.58	17	329.8521118	369.6743
79.67	17	340.8221130	371.4911
79.75	17	354.2434387	381.278
79.83	17	376.0128174	393.9871
79.92	17	387.0279846	402.8033
80.00	17	393.3498535	409.5849
80.08	17	383.5445862	414.9245
80.17	17	400.2590027	420.2918
80.25	17	418.1553650	426.5934
80.33	17	421.2487793	433.9788
80.42	17	424.3421631	441.0696
80.50	17	427.4355469	447.6657
80.58	17	430.5289307	453.1791
80.67	17	435.0936279	458.0258
80.75	17	444.4037781	462.2224
80.83	17	450.3166504	466.2185
80.92	17	455.0151062	469.7497
81.00	17	459.7135620	472.9707
81.08	17	462.7024841	475.3857
81.17	17	464.9703064	477.5254
81.25	17	467.2381287	478.8111267
81.33	17	469.5059814	479.2895508
81.42	17	471.7738037	479.7679749
81.50	17	474.0416260	480.2463989
81.58	17	476.3094482	480.724823
81.67	17	478.3327026	481.2032166
81.75	17	479.6304000	481.6816406
81.83	17	481.4928000	482.1600647
81.92	17	482.9362000	482.6384888
82.00	17	483.8856000	483.1169128
82.08	17	485.0617000	483.5953064
82.17	17	485.7981000	484.0737305
82.25	17	486.5340000	484.5521545
82.33	17	487.3881000	484.6478271
82.42	17	488.1254000	484.6478271
82.50	17	488.6816000	485.1262512
82.58	17	489.3955000	485.6046753
82.67	17	490.0360000	486.0830994
82.75	17	491.2813000	486.5615234
82.83	17	492.9857000	486.9716797
82.92	17	493.9996000	486.4751892
83.00	17	494.0556000	485.9786682
83.08	17	494.4259000	485.4821472
83.17	17	494.6465000	484.9856567
83.25	17	494.5574000	484.4891357
83.33	17	495.3979000	483.1044312
83.42	17	495.7755000	480.6486816
83.50	17	494.8836000	478.1929016
83.58	17	493.4085000	481.5060425
83.67	17	491.8215000	484.2426147
83.75	17	491.5046000	480.133606
83.83	17	492.5004000	481.6455078
83.92	17	491.5311000	483.1574402
84.00	17	491.3341000	484.669342
84.08	17	491.6797000	486.1812439
84.17	17	492.4865000	487.6237183
84.25	17	493.7219000	487.2414551
84.33	17	494.5286000	486.8591614
84.42	17	494.8374000	486.4768982
84.50	17	495.0264000	486.094635
84.58	17	494.8720000	485.7123718
84.67	17	494.6404000	485.3301086
84.75	17	494.5977000	484.9478455
84.83	17	494.5920000	484.5655518
84.92	17	494.5921000	484.1832886
85.00	17	494.0130000	483.8010254
85.08	17	493.0822000	483.4187622
85.17	17	492.3835000	483.036499
85.25	17	492.0773000	482.6542053
85.33	17	491.8837000	482.2719421
85.42	17	491.2685000	481.889679
85.50	17	490.9154000	481.5074158
85.58	17	490.8362000	481.1251526
85.67	17	490.7185000	480.7428894
85.75	17	490.4422000	480.3605957
85.83	17	489.8267000	479.9783325
85.92	17	489.6747000	479.5960693
86.00	17	489.5220000	479.2138062
86.08	17	488.9053000	478.831543
86.17	17	487.9789000	478.4492798
86.25	17	487.2066000	478.0669861
86.33	17	486.7065000	477.0348816
86.42	17	486.3976000	476.6526184
86.50	17	486.2085000	476.2703247
86.58	17	486.0540000	475.8880615
86.67	17	486.1312000	475.5057983
86.75	17	486.0540000	475.1235352
86.83	17	486.0194000	474.7564697
86.92	17	485.8648000	474.7893677
87.00	17	485.6758000	474.8222351
87.08	17	485.5909000	474.8551025
87.17	17	485.5097000	474.88797
87.25	17	485.3595000	474.9208374
87.33	17	485.0170000	474.9537354
87.42	17	484.7100000	474.9866028
87.50	17	484.6705000	475.0194702
87.58	17	484.6347000	475.0523376
87.67	17	484.4446000	475.0852051
87.75	17	484.3712000	475.1180725
87.83	17	484.4935000	475.1509705
87.92	17	484.8752000	475.1838379
88.00	17	484.7166000	475.2167053
88.08	17	484.5599000	475.2495728
88.17	17	484.4864000	475.2824402
88.25	17	484.5657000	475.3153076
88.33	17	484.5652000	475.3482056
88.42	17	484.7226000	475.381073
88.50	17	484.9141000	475.4139404
88.58	17	484.9157000	475.4468079
88.67	17	484.7967000	475.4796753
88.75	17	484.7972000	475.5125732
88.83	17	484.6718000	475.5454407
88.92	17	484.5177000	475.5783081
89.00	17	484.5543000	475.6111755
89.08	17	484.5925000	475.644043
89.17	17	484.6707000	475.6769104
89.25	17	484.7059000	475.7098083
89.33	17	484.6288000	475.7426758
89.42	17	484.6580000	475.7755432
89.50	17	484.6536000	475.8084106
89.58	17	484.7664000	475.8412781
89.67	17	484.6153000	475.8741455
89.75	17	484.5411000	475.9070435
89.83	17	484.5791000	475.9399109
89.92	17	484.5799000	475.9727783
90.00	17	484.4258000	476.0056458
90.08	17	484.4259000	476.0385132
90.17	17	484.4260000	476.0713806
90.25	17	484.4213000	476.1042786
90.33	17	484.5747000	476.1075439
90.42	17	484.7311000	476.1108398
90.50	17	484.8505000	476.1141357
90.58	17	485.0833000	476.1141357
90.67	17	485.0840000	476.1470032
90.75	17	484.6234000	476.1798706
90.83	17	484.9350000	476.212738
90.92	17	484.9792000	476.2456055
91.00	17	484.9028000	476.2785034
91.08	17	484.6240000	476.3113708
91.17	17	484.5474000	476.3442383
91.25	17	484.6710000	476.3771057
91.33	17	484.6740000	476.4099731
91.42	17	484.7957000	476.4428711
91.50	17	484.6421000	476.4757385
91.58	17	484.6021000	476.508606
91.67	17	484.6034000	476.5414734
91.75	17	484.5707000	476.5743408
91.83	17	484.6899000	476.6072083
91.92	17	484.6907000	476.6401062
92.00	17	484.7338000	476.6729736
92.08	17	484.6222000	476.7058411
92.17	17	484.3131000	476.7387085
92.25	17	484.1241000	476.7715759
92.33	17	484.2786000	476.8044434
92.42	17	484.3985000	474.7564697
92.50	17	484.3985000	474.7893677
92.58	17	484.3985000	474.8222351
92.67	17	484.3985000	474.8551025
92.75	17	485.0165000	474.88797
92.83	17	485.0165000	474.9208374
92.92	17	485.0170000	474.9537354
93.00	17	484.7100000	474.9866028
93.08	17	484.6705000	475.0194702
93.17	17	484.6347000	475.0523376
93.25	17	484.4446000	475.0852051
93.33	17	484.3712000	475.1180725
93.42	17	484.4935000	475.1509705
93.50	17	484.8752000	475.1838379
93.58	17	484.7166000	475.2167053
93.67	17	484.5599000	475.2495728
93.75	17	484.4864000	475.2824402
93.83	17	484.5657000	475.3153076
93.92	17	484.5652000	475.3482056
94.00	17	484.7226000	475.381073
94.08	17	484.9141000	475.4139404
94.17	17	484.9157000	475.4468079
94.25	17	484.7967000	475.4796753
94.33	17	484.7972000	475.5125732
94.42	17	484.6718000	475.5454407
94.50	17	484.5177000	475.5783081
94.58	17	484.5543000	475.6111755
94.67	17	484.5925000	475.644043
94.75	17	484.6707000	475.6769104
94.83	17	484.7059000	475.7098083
94.92	17	484.6288000	475.7426758
95.00	17	484.6580000	475.7755432
95.08	17	484.6536000	475.8084106
95.17	17	484.7664000	475.8412781
95.25	17	484.6153000	475.8741455
95.33	17	484.5411000	475.9070435
95.42	17	484.5791000	475.9399109
95.50	17	484.5799000	475.9727783
95.58	17	484.4258000	476.0056458
95.67	17	484.4259000	476.0385132
95.75	17	484.4260000	476.0713806
95.83	17	484.4213000	476.1042786
95.92	17	484.5747000	476.1075439
96.00	17	484.7311000	476.1108398
96.08	17	484.8505000	476.1141357
96.17	17	485.0833000	476.1141357
96.25	17	485.0840000	476.1470032
96.33	17	484.6234000	476.1798706
96.42	17	484.9350000	476.212738
96.50	17	484.9792000	476.2456055
96.58	17	484.9028000	476.2785034
96.67	17	484.6240000	476.3113708
96.75	17	484.5474000	476.3442383
96.83	17	484.6710000	476.3771057
96.92	17	484.6740000	476.4099731
97.00	17	484.7957000	476.4428711
97.08	17	484.6421000	476.4757385
97.17	17	484.6021000	476.508606
97.25	17	484.6034000	476.5414734
97.33	17	484.5707000	476.5743408
97.42	17	484.6899000	476.6072083
97.50	17	484.6907000	476.6401062
97.58	17	484.7338000	476.6729736
97.67	17	484.6222000	476.7058411
97.75	17	484.3131000	476.7387085
97.83	17	484.1241000	476.7715759
97.92	17	484.2786000	476.8044434
98.00	17	484.3985000	474.7564697
98.08	17	484.3985000	474.7893677
98.17	17	484.3985000	474.8222351
98.25	17	484.3985000	474.8551025
98.33	17	485.0165000	474.88797
98.42	17	485.0165000	474.9208374
98.50	17	485.0170000	474.9537354
98.58	17	484.7100000	474.9866028
98.67	17	484.6705000	475.0194702
98.75	17	484.6347000	475.0523376
98.83	17	484.4446000	475.0852051
98.92	17	484.3712000	475.1180725
99.00	17	484.4935000	475.1509705
99.08	17	484.8752000	475.1838379
99.17	17	484.7166000	475.2167053
99.25	17	484.5599000	475.2495728
99.33	17	484.4864000	475.2824402
99.42	17	484.5657000	475.3153076
99.50	17	484.5652000	475.3482056
99.58	17	484.7226000	475.381073
99.67	17	484.9141000	475.4139404
99.75	17	484.9157000	475.4468079
99.83	17	484.7967000	475.4796753
99.92	17	484.7972000	475.5125732
100.00	17	484.6718000	475.5454407
100.08	17	484.5177000	475.5783081
100.17	17	484.5543000	475.6111755
100.25	17	484.5925000	475.644043
100.33	17	484.6707000	475.6769104
100.42	17	484.7059000	475.7098083
100.50	17	484.6288000	475.7426758
100.58	17	484.6580000	475.7755432
100.67	17	484.6536000	475.8084106
100.75	17	484.7664000	475.8412781
100.83	17	484.6153000	475.8741455
100.92	17	484.5411000	475.9070435
101.00	17	484.5791000	475.9399109
101.08	17	484.5799000	475.9727783
101.17	17	484.4258000	476.0056458
101.25	17	484.4259000	476.0385132
101.33	17	484.4260000	476.0713806
101.42	17	484.4213000	476.1042786
101.50	17	484.5747000	476.1075439
101.58	17	484.7311000	476.1108398
101.67	17	484.8505000	476.1141357
101.75	17	485.0833000	476.1141357
101.83	17	485.0840000	476.1470032
101.92	17	484.6234000	476.1798706
102.00	17	484.9350000	476.212738
102.08	17	484.9792000	476.2456055
102.17	17	484.9028000	476.2785034
102.25	17	484.6240000	476.3113708
102.33	17	484.5474000	476.3442383
102.42	17	484.6710000	476.3771057
102.50	17	484.6740000	476.4099731
102.58	17	484.7957000	476.4428711
102.67	17	484.6421000	476.4757385
102.75	17	484.6021000	476.508606
102.83	17	484.6034000	476.5414734
102.92	17	484.5707000	476.5743408
103.00	17	484.6899000	476.6072083
103.08	17	484.6907000	476.6401062
103.17	17	484.7338000	476.6729736
103.25	17	484.6222000	476.7058411
103.33	17	484.3131000	476.7387085
103.42	17	484.1241000	476.7715759
103.50	17	484.2786000	476.8044434
103.58	17	484.3985000	474.7564697
103.67	17	484.3985000	474.7893677
103.75	17	484.3985000	474.8222351
103.83	17	484.3985000	474.8551025
103.92	17	485.0165000	474.88797
104.00	17	485.0165000	474.9208374
104.08	17	485.0170000	474.9537354
104.17	17	484.7100000	474.9866028
104.25	17	484.6705000	475.0194702
104.33	17	484.6347000	475.0523376
104.42	17	484.4446000	475.0852051
104.50	17	484.3712000	475.1180725
104.58	17	484.4935000	475.1509705
104.67	17	484.8752000	475.1838379
104.75	17	484.7166000	475.2167053
104.83	17	484.5599000	475.2495728
104.92	17	484.4864000	475.2824402
105.00	17	484.5657000	475.3153076
105.08	17	484.5652000	475.3482056
105.17	17	484.7226000	475.381073
105.25	17	484.9141000	475.4139404
105.33	17	484.9157000	475.4468079
105.42	17	484.7967000	475.4796753
105.50	17	484.7972000	475.5125732
105.58	17	484.6718000	475.5454407
105.67	17	484.5177000	475.5783081
105.75	17	484.5543000	475.6111755
105.83	17	484.5925000	475.644043
105.92	17	484.6707000	475.6769104
106.00	17	484.7059000	475.7098083
106.08	17	484.6288000	475.7426758
106.17	17	484.6580000	475.7755432
106.25	17	484.6536000	475.8084106
106.33	17	484.7664000	475.8412781
106.42	17	484.6153000	475.8741455
106.50	17	484.5411000	475.9070435
106.58	17	484.5791000	475.9399109
106.67	17	484.5799000	475.9727783
106.75	17	484.4258000	476.0056458
106.83	17	484.4259000	476.0385132
106.92	17	484.4260000	476.0713806
107.00	17	484.4213000	476.1042786
107.08	17	484.5747000	476.1075439
107.17	17	484.7311000	476.1108398
107.25	17	484.8505000	476.1141357
107.33	17	485.0833000	476.1141357
107.42	17	485.0840000	476.1470032
107.50	17	484.6234000	476.1798706
107.58	17	484.9350000	476.212738
107.67	17	484.9792000	476.2456055
107.75	17	484.9028000	476.2785034
107.83	17	484.6240000	476.3113708
107.92	17	484.5474000	476.3442383
108.00	17	484.6710000	476.3771057
108.08	17	484.6740000	476.4099731
108.17	17	484.7957000	476.4428711
108.25	17	484.6421000	476.4757385
108.33	17	484.6021000	476.508606
108.42	17	484.6034000	476.5414734
108.50	17	484.5707000	476.5743408
108.58	17	484.6899000	476.6072083
108.67	17	484.6907000	476.6401062
108.75	17	484.7338000	476.6729736
108.83	17	484.6222000	476.7058411
108.92	17	484.3131000	476.7387085
109.00	17	484.1241000	476.7715759
109.08	17	484.2786000	476.8044434
109.17	17	484.3985000	474.7564697
109.25	17	484.3985000	474.7893677
109.33	17	484.3985000	474.8222351
109.42	17	484.3985000	474.8551025
109.50	17	485.0165000	474.88797
109.58	17	485.0165000	474.9208374
109.67	17	485.0170000	474.9537354
109.75	17	484.7100000	474.9866028
109.83	17	484.6705000	475.0194702
109.92	17	484.6347000	475.0523376
110.00	17	484.4446000	475.0852051
110.08	17	484.3712000	475.1180725
110.17	17	484.4935000	475.1509705
110.25	17	484.8752000	475.1838379
110.33	17	484.7166000	475.2167053
110.42	17	484.5599000	475.2495728
110.50	17	484.4864000	475.2824402
110.58	17	484.5657000	475.3153076
110.67	17	484.5652000	475.3482056
110.75	17	484.7226000	475.381073
110.83	17	484.9141000	475.4139404
110.92	17	484.9157000	475.4468079
111.00	17	484.7967000	475.4796753
111.08	17	484.7972000	475.5125732
111.17	17	484.6718000	475.5454407
111.25	17	484.5177000	475.5783081
111.33	17	484.5543000	475.6111755
111.42	17	484.5925000	475.644043
111.50	17	484.6707000	475.6769104
111.58	17	484.7059000	475.7098083
111.67	17	484.6288000	475.7426758
111.75	17	484.6580000	475.7755432
111.83	17	484.6536000	475.8084106
111.92	17	484.7664000	475.8412781
112.00	17	484.6153000	475.8741455
112.08	17	484.5411000	475.9070435
112.17	17	484.5791000	475.9399109
112.25	17	484.5799000	475.9727783
112.33	17	484.4258000	476.0056458
112.42	17	484.4259000	476.0385132
112.50	17	484.4260000	476.0713806
112.58	17	484.4213000	476.1042786
112.67	17	484.5747000	476.1075439
112.75	17	484.7311000	476.1108398
112.83	17	484.8505000	476.1141357
112.92	17	485.0833000	476.1141357
113.00	17	485.0840000	476.1470032
113.08	17	484.6234000	476.1798706
113.17	17	484.9350000	476.212738
113.25	17	484.9792000	476.2456055
113.33	17	484.9028000	476.2785034
113.42	17	484.6240000	476.3113708
113.50	17	484.5474000	476.3442383
113.58	17	484.6710000	476.3771057
113.67	17	484.6740000	476.4099731
113.75	17	484.7957000	476.4428711
113.83	17	484.6421000	476.4757385
113.92	17	484.6021000	476.508606
114.00	17	484.6034000	476.5414734
114.08	17	484.5707000	476.5743408
114.17	17	484.6899000	476.6072083
114.25	17	484.6907000	476.6401062
114.33	17	484.7338000	476.6729736
114.42	17	484.6222000	476.7058411
114.50	17	484.3131000	476.7387085
114.58	17	484.1241000	476.7715759
114.67	17	484.2786000	476.8044434
114.75	17	484.3985000	476.8373413
114.83	17	484.3985000	476.8702087
114.92	17	484.3985000	476.9030762
115.00	17	484.3985000	476.9359436
115.08	17	485.0165000	476.6972351
115.17	17	485.0165000	476.131073
115.25	17	484.3985000	475.5648804
115.33	17	483.7804000	474.9986877
115.42	17	483.6686000	467.4570211
115.50	17	483.6340000	459.9153544
115.58	17	483.5568000	452.3736878
115.67	17	483.5568000	444.8320211
115.75	16.40740741	483.5568000	437.2903544
115.83	15.81481481	483.5568000	429.7486878
115.92	15.22222222	467.4570211	422.2070211
116.00	14.62962963	459.9153544	414.6653545
116.08	14.03703704	452.3736878	407.1236878
116.17	13.44444444	444.8320211	399.5820211
116.25	12.85185185	437.2903544	392.0403545
116.33	12.25925926	429.7486878	384.4986878
116.42	11.66666667	422.2070211	376.9570212
116.50	11.07407407	414.6653545	369.4153545
116.58	10.48148148	407.1236878	361.8736878
116.67	9.888888889	399.5820211	354.3320212
116.75	9.296296296	392.0403545	346.7903545
116.83	8.703703704	384.4986878	339.2486879
116.92	8.5	376.9570212	331.7070212
117.00	8.5	369.4153545	324.1653546
117.08	8.5	361.8736878	316.6236879
117.17	8.5	354.3320212	309.0820212
117.25	8.5	346.7903545	301.5403546
117.33	8.5	339.2486879	293.9986879
117.42	8.5	331.7070212	286.4570213
117.50	8.5	324.1653546	278.9153546
117.58	8.5	316.6236879	271.3736879
117.67	8.5	309.0820212	263.8320213
117.75	8.5	301.5403546	256.2903546
117.83	8.5	293.9986879	248.748688
117.92	8.5	286.4570213	241.2070213
118.00	8.5	278.9153546	237.4768677
118.08	8.5	271.3736879	237.4933014
118.17	8.5	263.8320213	237.5097351
118.25	8.5	256.2903546	237.5261688
118.33	8.5	248.7486880	237.5426025
118.42	8.5	242.2467500	237.5590363
118.50	8.5	242.4376000	237.5754852
118.58	8.5	242.3583000	237.5919189
118.67	8.5	242.2799500	237.6083527
118.75	8.5	242.2432000	237.6247864
118.83	8.5	242.2828500	237.6412201
118.92	8.5	242.2826000	237.6576538
119.00	8.5	242.3613000	237.6741028
119.08	8.5	242.4570500	237.6905365
119.17	8.5	242.4578500	237.7069702
119.25	8.5	242.3983500	237.7234039
119.33	8.5	242.3986000	237.7398376
119.42	8.5	242.3359000	237.7562866
119.50	8.5	242.2588500	237.7727203
119.58	8.5	242.2771500	237.7891541
119.67	8.5	242.2962500	237.8055878
119.75	8.5	242.3353500	237.8220215
119.83	8.5	242.3529500	237.8384552
119.92	8.5	242.3144000	237.8549042
120.00	8.5	242.3290000	237.8713379
120.08	8.5	242.3268000	237.8877716
120.17	8.5	242.3832000	237.9042053
120.25	8.5	242.3076500	237.920639
120.33	8.5	242.2705500	237.9370728
120.42	8.5	242.2895500	237.9535217
120.50	8.5	242.2899500	237.9699554
120.58	8.5	242.2129000	237.9863892
120.67	8.5	242.2129500	238.0028229
120.75	8.5	242.2130000	238.0192566
120.83	8.5	242.2106500	238.0356903
120.92	8.5	242.2873500	238.0521393
121.00	8.5	242.3655500	238.053772
121.08	8.5	242.4252500	238.0554199
121.17	8.5	242.5416500	238.0570679
121.25	8.5	242.5420000	238.0570679
121.33	8.5	242.3117000	238.0735016
121.42	8.5	242.4675000	238.0899353
121.50	8.5	242.4896000	238.106369
121.58	8.5	242.4514000	238.1228027
121.67	8.5	242.3120000	238.1392517
121.75	8.5	242.2737000	238.1556854
121.83	8.5	242.3355000	238.1721191
121.92	8.5	242.3370000	238.1885529
122.00	8.5	242.3978500	238.2049866
122.08	8.5	242.3210500	238.2214355
122.17	8.5	242.3010500	238.2378693
122.25	8.5	242.3017000	238.254303
122.33	8.5	242.2853500	238.2707367
122.42	8.5	242.3449500	238.2871704
122.50	8.5	242.3453500	238.3036041
122.58	8.5	242.3669000	238.3200531
122.67	8.5	242.3111000	238.3364868
122.75	8.5	242.1565500	238.3529205
122.83	8.5	242.0620500	238.3693542
122.92	8.5	242.1393000	238.385788
123.00	8.5	242.1992500	238.4022217
123.08	8.5	242.1992500	237.3782349
123.17	8.5	242.1992500	237.3946838
123.25	8.5	242.1992500	237.4111176
123.33	8.5	242.5082500	237.4275513
123.42	8.5	242.5082500	237.443985
123.50	8.5	242.5085000	237.4604187
123.58	8.5	242.3550000	237.4768677
123.67	8.5	242.3352500	237.4933014
123.75	8.5	242.3173500	237.5097351
123.83	8.5	242.2223000	237.5261688
123.92	8.5	242.1856000	237.5426025
124.00	8.5	242.2467500	237.5590363
124.08	8.5	242.4376000	237.5754852
124.17	8.5	242.3583000	237.5919189
124.25	8.5	242.2799500	237.6083527
124.33	8.5	242.2432000	237.6247864
124.42	8.5	242.2828500	237.6412201
124.50	8.5	242.2826000	237.6576538
124.58	8.5	242.3613000	237.6741028
124.67	8.5	242.4570500	237.6905365
124.75	8.5	242.4578500	237.7069702
124.83	8.5	242.3983500	237.7234039
124.92	8.5	242.3986000	237.7398376
125.00	8.5	242.3359000	237.7562866
125.08	8.5	242.2588500	237.7727203
125.17	8.5	242.2771500	237.7891541
125.25	8.5	242.2962500	237.8055878
125.33	8.5	242.3353500	237.8220215
125.42	8.5	242.3529500	237.8384552
125.50	8.5	242.3144000	237.8549042
125.58	8.5	242.3290000	237.8713379
125.67	8.5	242.3268000	237.8877716
125.75	8.5	242.3832000	237.9042053
125.83	8.5	242.3076500	237.920639
125.92	8.5	242.2705500	237.9370728
126.00	8.5	242.2895500	237.9535217
126.08	8.5	242.2899500	237.9699554
126.17	8.5	242.2129000	237.9863892
126.25	8.5	242.2129500	238.0028229
126.33	8.5	242.2130000	238.0192566
126.42	8.5	242.2106500	238.0356903
126.50	8.5	242.2873500	238.0521393
126.58	8.5	242.3655500	238.053772
126.67	8.5	242.4252500	238.0554199
126.75	8.5	242.5416500	238.0570679
126.83	8.5	242.5420000	238.0570679
126.92	8.5	242.3117000	238.0735016
127.00	8.5	242.4675000	238.0899353
127.08	8.5	242.4896000	238.106369
127.17	8.5	242.4514000	238.1228027
127.25	8.5	242.3120000	238.1392517
127.33	8.5	242.2737000	238.1556854
127.42	8.5	242.3355000	238.1721191
127.50	8.5	242.3370000	238.1885529
127.58	8.5	242.3978500	238.2049866
127.67	8.5	242.3210500	238.2214355
127.75	8.5	242.3010500	238.2378693
127.83	8.5	242.3017000	238.254303
127.92	8.5	242.2853500	238.2707367
128.00	8.5	242.3449500	238.2871704
128.08	8.5	242.3453500	238.3036041
128.17	8.5	242.3669000	238.3200531
128.25	8.5	242.3111000	238.3364868
128.33	8.5	242.1565500	238.3529205
128.42	8.5	242.0620500	238.3693542
128.50	8.5	242.1393000	238.385788
128.58	8.5	242.1992500	238.4022217
128.67	8.5	242.1992500	237.3782349
128.75	8.5	242.1992500	237.3946838
128.83	8.5	242.1992500	237.4111176
128.92	8.5	242.5082500	237.4275513
129.00	8.5	242.5082500	237.443985
129.08	8.5	242.5085000	237.4604187
129.17	8.5	242.3550000	237.4768677
129.25	8.5	242.3352500	237.4933014
129.33	8.5	242.3173500	237.5097351
129.42	8.5	242.2223000	237.5261688
129.50	8.5	242.1856000	237.5426025
129.58	8.5	242.2467500	237.5590363
129.67	8.5	242.4376000	237.5754852
129.75	8.5	242.3583000	237.5919189
129.83	8.5	242.2799500	237.6083527
129.92	8.5	242.2432000	237.6247864
130.00	8.5	242.2828500	237.6412201
130.08	8.5	242.2826000	237.6576538
130.17	8.5	242.3613000	237.6741028
130.25	8.5	242.4570500	237.6905365
130.33	8.5	242.4578500	237.7069702
130.42	8.5	242.3983500	237.7234039
130.50	8.5	242.3986000	237.7398376
130.58	8.5	242.3359000	237.7562866
130.67	8.5	242.2588500	237.7727203
130.75	8.5	242.2771500	237.7891541
130.83	8.5	242.2962500	237.8055878
130.92	8.5	242.3353500	237.8220215
131.00	8.5	242.3529500	237.8384552
131.08	8.5	242.3144000	237.8549042
131.17	8.5	242.3290000	237.8713379
131.25	8.5	242.3268000	237.8877716
131.33	8.5	242.3832000	237.9042053
131.42	8.5	242.3076500	237.920639
131.50	8.5	242.2705500	237.9370728
131.58	8.5	242.2895500	237.9535217
131.67	8.5	242.2899500	237.9699554
131.75	8.5	242.2129000	237.9863892
131.83	8.5	242.2129500	238.0028229
131.92	8.5	242.2130000	238.0192566
132.00	8.5	242.2106500	238.0356903
132.08	8.5	242.2873500	238.0521393
132.17	8.5	242.3655500	238.053772
132.25	8.5	242.4252500	238.0554199
132.33	8.5	242.5416500	238.0570679
132.42	8.5	242.5420000	238.0570679
132.50	8.5	242.3117000	238.0735016
132.58	8.5	242.4675000	238.0899353
132.67	8.5	242.4896000	238.106369
132.75	8.5	242.4514000	238.1228027
132.83	8.5	242.3120000	238.1392517
132.92	8.5	242.2737000	238.1556854
133.00	8.5	242.3355000	238.1721191
133.08	8.5	242.3370000	238.1885529
133.17	8.5	242.3978500	238.2049866
133.25	8.5	242.3210500	238.2214355
133.33	8.5	242.3010500	238.2378693
133.42	8.5	242.3017000	238.254303
133.50	8.5	242.2853500	238.2707367
133.58	8.5	242.3449500	238.2871704
133.67	8.5	242.3453500	238.3036041
133.75	8.5	242.3669000	238.3200531
133.83	8.5	242.3111000	238.3364868
133.92	8.5	242.1565500	238.3529205
134.00	8.5	242.0620500	238.3693542
134.08	8.5	242.1393000	238.385788
134.17	8.5	242.1992500	238.4022217
134.25	8.5	242.1992500	237.3782349
134.33	8.5	242.1992500	237.3946838
134.42	8.5	242.1992500	237.4111176
134.50	8.5	242.5082500	237.4275513
134.58	8.5	242.5082500	237.443985
134.67	8.5	242.5085000	237.4604187
134.75	8.5	242.3550000	237.4768677
134.83	8.5	242.3352500	238.2793198
134.92	8.5	242.3173500	249.2187298
135.00	8.5	242.2223000	260.1581398
135.08	8.5	242.1856000	271.0975498
135.17	8.549999992	242.2467500	282.0369598
135.25	8.902083325	242.4376000	292.9763697
135.33	9.254166658	244.0632871	303.9157797
135.42	9.606249991	263.9383344	314.8551897
135.50	9.958333324	283.8133817	325.7945997
135.58	10.31041666	303.6884290	321.7929
135.67	10.66249999	323.5634762	317.4433
135.75	11.01458332	321.5065915	312.4516
135.83	11.36666666	319.4497067	310.7863
135.92	11.71874999	317.3928219	312.1346
136.00	12.07083332	315.3359372	314.9043
136.08	12.42291666	313.2790524	316.5321
136.17	12.77499999	311.2221677	320.5572
136.25	13.12708333	309.1652829	323.1371
136.33	13.47916667	307.1083981	321.6275
136.42	13.83125	305.0515134	320.2537
136.50	14.18333333	302.9946286	321.0955
136.58	14.53541667	289.9598999	321.468
136.67	14.8875	283.0461731	319.4671
136.75	15.23958333	280.2462463	320.0783
136.83	15.59166667	282.6499634	317.1004
136.92	15.94375	299.6800537	312.7946
137.00	16.29583333	314.2234497	312.0263
137.08	16.64791667	317.9322510	313.1938
137.17	17	330.1954346	314.9605
137.25	17	322.1286011	317.0661
137.33	17	287.6087341	318.6748
137.42	17	297.0582275	317.914
137.50	17	311.5805359	315.7209
137.58	17	293.6401978	314.031
137.67	17	280.2699280	312.6336
137.75	17	299.8720093	312.8459
137.83	17	252.6554413	313.4956
137.92	17	212.2485352	314.8069
138.00	17	257.8201294	316.7267
138.08	17	284.4272156	320.2635
138.17	17	294.8172302	322.2607
138.25	17	299.7273254	324.236
138.33	17	269.2708130	324.9221
138.42	17	200.0537262	324.1808
138.50	17	203.5457916	324.3093
138.58	17	200.1191406	327.2555
138.67	17	212.6402283	332.743
138.75	17	210.1997375	339.3024
138.83	17	188.7890625	339.7482
138.92	17	228.9918060	333.3152
139.00	17	258.8277893	330.8474
139.08	17	298.0989075	332.1628
139.17	17	279.5323181	333.6357
139.25	17	271.0303040	336.6837
139.33	17	195.3998718	332.7207
139.42	17	244.1615753	328.2837
139.50	17	303.7236938	325.4207
139.58	17	342.9365234	324.3178
139.67	17	357.9897461	326.1896
139.75	17	260.2916565	298.4461
139.83	17	189.3892670	289.3002
139.92	17	267.9385376	295.564
140.00	17	311.2698364	303.7803
140.08	17	327.6732788	310.5259
140.17	17	341.6612244	308.9452
140.25	17	197.3444519	308.9231
140.33	17	199.2703552	315.0553
140.42	17	243.9699402	320.9651
140.50	17	279.8271179	323.576
140.58	17	306.7114563	325.8715
140.67	17	201.1143799	328.4517
140.75	17	248.2957458	331.216
140.83	17	289.5879517	332.0895
140.92	17	323.6879272	332.0172
141.00	17	331.4783325	331.6298
141.08	17	181.3977814	331.239
141.17	17	237.9916382	330.3742
141.25	17	310.5913086	329.5121
141.33	17	316.9261475	328.6482
141.42	17	307.4921265	327.9375
141.50	17	307.9599304	327.4861
141.58	17	314.9377441	326.8865
141.67	17	321.9155579	327.0867
141.75	17	311.5946655	326.6912
141.83	17	298.0458069	326.9612
141.92	17	292.4899292	326.7583
142.00	17	286.7077026	326.216
142.08	17	284.3038330	326.3033
142.17	17	291.4414368	326.4214
142.25	17	284.0316467	326.8267
142.33	17	284.4717712	328.0484
142.42	17	281.4811096	328.4536
142.50	17	286.0989990	327.4688
142.58	17	286.0989990	325.2241
142.67	17	266.0029907	328.7827
142.75	17	267.2494812	326.9834
142.83	17	295.4310913	328.3344
142.92	17	281.4248047	327.1657
143.00	17	281.7183228	323.5928
143.08	17	281.6524963	322.896
143.17	17	281.9460449	322.8316
143.25	17	291.1616516	326.3657
143.33	17	287.2611084	332.7638
143.42	17	293.8927002	333.3941
143.50	17	310.6862183	334.0242
143.58	17	252.1852417	341.0437
143.67	17	183.4127808	351.7957
143.75	17	283.7553101	361.9328
143.83	17	303.7706299	369.6743
143.92	17	263.6487427	371.4911
144.00	17	306.6929626	381.278
144.08	17	216.9416504	393.9871
144.17	17	276.6859741	402.8033
144.25	17	320.8434753	409.5849
144.33	17	329.8521118	414.9245
144.42	17	340.8221130	420.2918
144.50	17	354.2434387	426.5934
144.58	17	376.0128174	433.9788
144.67	17	387.0279846	441.0696
144.75	17	393.3498535	447.6657
144.83	17	383.5445862	453.1791
144.92	17	400.2590027	458.0258
145.00	17	418.1553650	462.2224
145.08	17	421.2487793	466.2185
145.17	17	424.3421631	469.7497
145.25	17	427.4355469	472.9707
145.33	17	430.5289307	475.3857
145.42	17	435.0936279	477.5254
145.50	17	444.4037781	478.8111267
145.58	17	450.3166504	479.2895508
145.67	17	455.0151062	479.7679749
145.75	17	459.7135620	480.2463989
145.83	17	462.7024841	480.724823
145.92	17	464.9703064	481.2032166
146.00	17	467.2381287	481.6816406
146.08	17	469.5059814	482.1600647
146.17	17	471.7738037	482.6384888
146.25	17	474.0416260	483.1169128
146.33	17	476.3094482	483.5953064
146.42	17	478.3327026	484.0737305
146.50	17	479.6304000	484.5521545
146.58	17	481.4928000	484.6478271
146.67	17	482.9362000	484.6478271
146.75	17	483.8856000	485.1262512
146.83	17	485.0617000	485.6046753
146.92	17	485.7981000	486.0830994
147.00	17	486.5340000	486.5615234
147.08	17	487.3881000	486.9716797
147.17	17	488.1254000	486.4751892
147.25	17	488.6816000	485.9786682
147.33	17	489.3955000	485.4821472
147.42	17	490.0360000	484.9856567
147.50	17	491.2813000	484.4891357
147.58	17	492.9857000	483.1044312
147.67	17	493.9996000	480.6486816
147.75	17	494.0556000	478.1929016
147.83	17	494.4259000	481.5060425
147.92	17	494.6465000	484.2426147
148.00	17	494.5574000	480.133606
148.08	17	495.3979000	481.6455078
148.17	17	495.7755000	483.1574402
148.25	17	494.8836000	484.669342
148.33	17	493.4085000	486.1812439
148.42	17	491.8215000	487.6237183
148.50	17	491.5046000	487.2414551
148.58	17	492.5004000	486.8591614
148.67	17	491.5311000	486.4768982
148.75	17	491.3341000	486.094635
148.83	17	491.6797000	485.7123718
148.92	17	492.4865000	485.3301086
149.00	17	493.7219000	484.9478455
149.08	17	494.5286000	484.5655518
149.17	17	494.8374000	484.1832886
149.25	17	495.0264000	483.8010254
149.33	17	494.8720000	483.4187622
149.42	17	494.6404000	483.036499
149.50	17	494.5977000	482.6542053
149.58	17	494.5920000	482.2719421
149.67	17	494.5921000	481.889679
149.75	17	494.0130000	481.5074158
149.83	17	493.0822000	481.1251526
149.92	17	492.3835000	480.7428894
150.00	17	492.0773000	480.3605957
150.08	17	491.8837000	479.9783325
150.17	17	491.2685000	479.5960693
150.25	17	490.9154000	479.2138062
150.33	17	490.8362000	478.831543
150.42	17	490.7185000	478.4492798
150.50	17	490.4422000	478.0669861
150.58	17	489.8267000	477.0348816
150.67	17	489.6747000	476.6526184
150.75	17	489.5220000	476.2703247
150.83	17	488.9053000	475.8880615
150.92	17	487.9789000	475.5057983
151.00	17	487.2066000	475.1235352
151.08	17	486.7065000	474.7564697
151.17	17	486.3976000	474.7893677
151.25	17	486.2085000	474.8222351
151.33	17	486.0540000	474.8551025
151.42	17	486.1312000	474.88797
151.50	17	486.0540000	474.9208374
151.58	17	486.0194000	474.9537354
151.67	17	485.8648000	474.9866028
151.75	17	485.6758000	475.0194702
151.83	17	485.5909000	475.0523376
151.92	17	485.5097000	475.0852051
152.00	17	485.3595000	475.1180725
152.08	17	485.0170000	475.1509705
152.17	17	484.7100000	475.1838379
152.25	17	484.6705000	475.2167053
152.33	17	484.6347000	475.2495728
152.42	17	484.4446000	475.2824402
152.50	17	484.3712000	475.3153076
152.58	17	484.4935000	475.3482056
152.67	17	484.8752000	475.381073
152.75	17	484.7166000	475.4139404
152.83	17	484.5599000	475.4468079
152.92	17	484.4864000	475.4796753
153.00	17	484.5657000	475.5125732
153.08	17	484.5652000	475.5454407
153.17	17	484.7226000	475.5783081
153.25	17	484.9141000	475.6111755
153.33	17	484.9157000	475.644043
153.42	17	484.7967000	475.6769104
153.50	17	484.7972000	475.7098083
153.58	17	484.6718000	475.7426758
153.67	17	484.5177000	475.7755432
153.75	17	484.5543000	475.8084106
153.83	17	484.5925000	475.8412781
153.92	17	484.6707000	475.8741455
154.00	17	484.7059000	475.9070435
154.08	17	484.6288000	475.9399109
154.17	17	484.6580000	475.9727783
154.25	17	484.6536000	476.0056458
154.33	17	484.7664000	476.0385132
154.42	17	484.6153000	476.0713806
154.50	17	484.5411000	476.1042786
154.58	17	484.5791000	476.1075439
154.67	17	484.5799000	476.1108398
154.75	17	484.4258000	476.1141357
154.83	17	484.4259000	476.1141357
154.92	17	484.4260000	476.1470032
155.00	17	484.4213000	476.1798706
155.08	17	484.5747000	476.212738
155.17	17	484.7311000	476.2456055
155.25	17	484.8505000	476.2785034
155.33	17	485.0833000	476.3113708
155.42	17	485.0840000	476.3442383
155.50	17	484.6234000	476.3771057
155.58	17	484.9350000	476.4099731
155.67	17	484.9792000	476.4428711
155.75	17	484.9028000	476.4757385
155.83	17	484.6240000	476.508606
155.92	17	484.5474000	476.5414734
156.00	17	484.6710000	476.5743408
156.08	17	484.6740000	476.6072083
156.17	17	484.7957000	476.6401062
156.25	17	484.6421000	476.6729736
156.33	17	484.6021000	476.7058411
156.42	17	484.6034000	476.7387085
156.50	17	484.5707000	476.7715759
156.58	17	484.6899000	476.8044434
156.67	17	484.6907000	474.7564697
156.75	17	484.7338000	474.7893677
156.83	17	484.6222000	474.8222351
156.92	17	484.3131000	474.8551025
157.00	17	484.1241000	474.88797
157.08	17	484.2786000	474.9208374
157.17	17	484.3985000	474.9537354
157.25	17	484.3985000	474.9866028
157.33	17	484.3985000	475.0194702
157.42	17	484.3985000	475.0523376
157.50	17	485.0165000	475.0852051
157.58	17	485.0165000	475.1180725
157.67	17	485.0170000	475.1509705
157.75	17	484.7100000	475.1838379
157.83	17	484.6705000	475.2167053
157.92	17	484.6347000	475.2495728
158.00	17	484.4446000	475.2824402
158.08	17	484.3712000	475.3153076
158.17	17	484.4935000	475.3482056
158.25	17	484.8752000	475.381073
158.33	17	484.7166000	475.4139404
158.42	17	484.5599000	475.4468079
158.50	17	484.4864000	475.4796753
158.58	17	484.5657000	475.5125732
158.67	17	484.5652000	475.5454407
158.75	17	484.7226000	475.5783081
158.83	17	484.9141000	475.6111755
158.92	17	484.9157000	475.644043
159.00	17	484.7967000	475.6769104
159.08	17	484.7972000	475.7098083
159.17	17	484.6718000	475.7426758
159.25	17	484.5177000	475.7755432
159.33	17	484.5543000	475.8084106
159.42	17	484.5925000	475.8412781
159.50	17	484.6707000	475.8741455
159.58	17	484.7059000	475.9070435
159.67	17	484.6288000	475.9399109
159.75	17	484.6580000	475.9727783
159.83	17	484.6536000	476.0056458
159.92	17	484.7664000	476.0385132
160.00	17	484.6153000	476.0713806
160.08	17	484.5411000	476.1042786
160.17	17	484.5791000	476.1075439
160.25	17	484.5799000	476.1108398
160.33	17	484.4258000	476.1141357
160.42	17	484.4259000	476.1141357
160.50	17	484.4260000	476.1470032
160.58	17	484.4213000	476.1798706
160.67	17	484.5747000	476.212738
160.75	17	484.7311000	476.2456055
160.83	17	484.8505000	476.2785034
160.92	17	485.0833000	476.3113708
161.00	17	485.0840000	476.3442383
161.08	17	484.6234000	476.3771057
161.17	17	484.9350000	476.4099731
161.25	17	484.9792000	476.4428711
161.33	17	484.9028000	476.4757385
161.42	17	484.6240000	476.508606
161.50	17	484.5474000	476.5414734
161.58	17	484.6710000	476.5743408
161.67	17	484.6740000	476.6072083
161.75	17	484.7957000	476.6401062
161.83	17	484.6421000	476.6729736
161.92	17	484.6021000	476.7058411
162.00	17	484.6034000	476.7387085
162.08	17	484.5707000	476.7715759
162.17	17	484.6899000	476.8044434
162.25	17	484.6907000	474.7564697
162.33	17	484.7338000	474.7893677
162.42	17	484.6222000	474.8222351
162.50	17	484.3131000	474.8551025
162.58	17	484.1241000	474.88797
162.67	17	484.2786000	474.9208374
162.75	17	484.3985000	474.9537354
162.83	17	484.3985000	474.9866028
162.92	17	484.3985000	475.0194702
163.00	17	484.3985000	475.0523376
163.08	17	485.0165000	475.0852051
163.17	17	485.0165000	475.1180725
163.25	17	485.0170000	475.1509705
163.33	17	484.7100000	475.1838379
163.42	17	484.6705000	475.2167053
163.50	17	484.6347000	475.2495728
163.58	17	484.4446000	475.2824402
163.67	17	484.3712000	475.3153076
163.75	17	484.4935000	475.3482056
163.83	17	484.8752000	475.381073
163.92	17	484.7166000	475.4139404
164.00	17	484.5599000	475.4468079
164.08	17	484.4864000	475.4796753
164.17	17	484.5657000	475.5125732
164.25	17	484.5652000	475.5454407
164.33	17	484.7226000	475.5783081
164.42	17	484.9141000	475.6111755
164.50	17	484.9157000	475.644043
164.58	17	484.7967000	475.6769104
164.67	17	484.7972000	475.7098083
164.75	17	484.6718000	475.7426758
164.83	17	484.5177000	475.7755432
164.92	17	484.5543000	475.8084106
165.00	17	484.5925000	475.8412781
165.08	17	484.6707000	475.8741455
165.17	17	484.7059000	475.9070435
165.25	17	484.6288000	475.9399109
165.33	17	484.6580000	475.9727783
165.42	17	484.6536000	476.0056458
165.50	17	484.7664000	476.0385132
165.58	17	484.6153000	476.0713806
165.67	17	484.5411000	476.1042786
165.75	17	484.5791000	476.1075439
165.83	17	484.5799000	476.1108398
165.92	17	484.4258000	476.1141357
166.00	17	484.4259000	476.1141357
166.08	17	484.4260000	476.1470032
166.17	17	484.4213000	476.1798706
166.25	17	484.5747000	476.212738
166.33	17	484.7311000	476.2456055
166.42	17	484.8505000	476.2785034
166.50	17	485.0833000	476.3113708
166.58	17	485.0840000	476.3442383
166.67	17	484.6234000	476.3771057
166.75	17	484.9350000	476.4099731
166.83	17	484.9792000	476.4428711
166.92	17	484.9028000	476.4757385
167.00	17	484.6240000	476.508606
167.08	17	484.5474000	476.5414734
167.17	17	484.6710000	476.5743408
167.25	17	484.6740000	476.6072083
167.33	17	484.7957000	476.6401062
167.42	17	484.6421000	476.6729736
167.50	17	484.6021000	476.7058411
167.58	17	484.6034000	476.7387085
167.67	17	484.5707000	476.7715759
167.75	17	484.6899000	476.8044434
167.83	17	484.6907000	474.7564697
167.92	17	484.7338000	474.7893677
168.00	17	484.6222000	474.8222351
168.08	17	484.3131000	474.8551025
168.17	17	484.1241000	474.88797
168.25	17	484.2786000	474.9208374
168.33	17	484.3985000	474.9537354
168.42	17	484.3985000	474.9866028
168.50	17	484.3985000	475.0194702
168.58	17	484.3985000	475.0523376
168.67	17	485.0165000	475.0852051
168.75	17	485.0165000	475.1180725
168.83	17	485.0170000	475.1509705
168.92	17	484.7100000	475.1838379
169.00	17	484.6705000	475.2167053
169.08	17	484.6347000	475.2495728
169.17	17	484.4446000	475.2824402
169.25	17	484.3712000	475.3153076
169.33	17	484.4935000	475.3482056
169.42	17	484.8752000	475.381073
169.50	17	484.7166000	475.4139404
169.58	17	484.5599000	475.4468079
169.67	17	484.4864000	475.4796753
169.75	17	484.5657000	475.5125732
169.83	17	484.5652000	475.5454407
169.92	17	484.7226000	475.5783081
170.00	17	484.9141000	475.6111755
170.08	17	484.9157000	475.644043
170.17	17	484.7967000	475.6769104
170.25	17	484.7972000	475.7098083
170.33	17	484.6718000	475.7426758
170.42	17	484.5177000	475.7755432
170.50	17	484.5543000	475.8084106
170.58	17	484.5925000	475.8412781
170.67	17	484.6707000	475.8741455
170.75	17	484.7059000	475.9070435
170.83	17	484.6288000	475.9399109
170.92	17	484.6580000	475.9727783
171.00	17	484.6536000	476.0056458
171.08	17	484.7664000	476.0385132
171.17	17	484.6153000	476.0713806
171.25	17	484.5411000	476.1042786
171.33	17	484.5791000	476.1075439
171.42	17	484.5799000	476.1108398
171.50	17	484.4258000	476.1141357
171.58	17	484.4259000	476.1141357
171.67	17	484.4260000	476.1470032
171.75	17	484.4213000	476.1798706
171.83	17	484.5747000	476.212738
171.92	17	484.7311000	476.2456055
172.00	17	484.8505000	476.2785034
172.08	17	485.0833000	476.3113708
172.17	17	485.0840000	476.3442383
172.25	17	484.6234000	476.3771057
172.33	17	484.9350000	476.4099731
172.42	17	484.9792000	476.4428711
172.50	17	484.9028000	476.4757385
172.58	17	484.6240000	476.508606
172.67	17	484.5474000	476.5414734
172.75	17	484.6710000	476.5743408
172.83	17	484.6740000	476.6072083
172.92	17	484.7957000	476.6401062
173.00	17	484.6421000	476.6729736
173.08	17	484.6021000	476.7058411
173.17	17	484.6034000	476.7387085
173.25	17	484.5707000	476.7715759
173.33	17	484.6899000	476.8044434
173.42	17	484.6907000	474.7564697
173.50	17	484.7338000	474.7893677
173.58	17	484.6222000	474.8222351
173.67	17	484.3131000	474.8551025
173.75	17	484.1241000	474.88797
173.83	17	484.2786000	474.9208374
173.92	17	484.3985000	474.9537354
174.00	17	484.3985000	474.9866028
174.08	17	484.3985000	475.0194702
174.17	17	484.3985000	475.0523376
174.25	17	485.0165000	475.0852051
174.33	17	485.0165000	475.1180725
174.42	17	485.0170000	475.1509705
174.50	17	484.7100000	475.1838379
174.58	17	484.6705000	475.2167053
174.67	17	484.6347000	475.2495728
174.75	17	484.4446000	475.2824402
174.83	17	484.3712000	475.3153076
174.92	17	484.4935000	475.3482056
175.00	17	484.8752000	475.381073
175.08	17	484.7166000	475.4139404
175.17	17	484.5599000	475.4468079
175.25	17	484.4864000	475.4796753
175.33	17	484.5657000	475.5125732
175.42	17	484.5652000	475.5454407
175.50	17	484.7226000	475.5783081
175.58	17	484.9141000	475.6111755
175.67	17	484.9157000	475.644043
175.75	17	484.7967000	475.6769104
175.83	17	484.7972000	475.7098083
175.92	17	484.6718000	475.7426758
176.00	17	484.5177000	475.7755432
176.08	17	484.5543000	475.8084106
176.17	17	484.5925000	475.8412781
176.25	17	484.6707000	475.8741455
176.33	17	484.7059000	475.9070435
176.42	17	484.6288000	475.9399109
176.50	17	484.6580000	475.9727783
176.58	17	484.6536000	476.0056458
176.67	17	484.7664000	476.0385132
176.75	17	484.6153000	476.0713806
176.83	17	484.5411000	476.1042786
176.92	17	484.5791000	476.1075439
177.00	17	484.5799000	476.1108398
177.08	17	484.4258000	476.1141357
177.17	17	484.4259000	476.1141357
177.25	17	484.4260000	476.1470032
177.33	17	484.4213000	476.1798706
177.42	17	484.5747000	476.212738
177.50	17	484.7311000	476.2456055
177.58	17	484.8505000	476.2785034
177.67	17	485.0833000	476.3113708
177.75	17	485.0840000	476.3442383
177.83	17	484.6234000	476.3771057
177.92	17	484.9350000	476.4099731
178.00	17	484.9792000	476.4428711
178.08	17	484.9028000	476.4757385
178.17	17	484.6240000	476.508606
178.25	17	484.5474000	476.5414734
178.33	17	484.6710000	476.5743408
178.42	17	484.6740000	476.6072083
178.50	17	484.7957000	476.6401062
178.58	17	484.6421000	476.6729736
178.67	17	484.6021000	476.7058411
178.75	17	484.6034000	476.7387085
178.83	17	484.5707000	476.7715759
178.92	17	484.6899000	476.8044434
179.00	17	484.6907000	476.8373413
179.08	17	484.7338000	476.8702087
179.17	17	484.6222000	476.9030762
179.25	17	484.3131000	476.9359436
179.33	17	484.1241000	476.6972351
179.42	17	484.2786000	476.131073
179.50	17	484.3985000	475.5648804
179.58	17	484.3985000	474.9986877
179.67	17	484.3985000	467.4570211
179.75	17	484.3985000	459.9153544
179.83	17	485.0165000	452.3736878
179.92	17	485.0165000	444.8320211
180.00	17	484.3985000	437.2903544
180.08	17	483.7804000	429.7486878
180.17	17	483.6686000	422.2070211
180.25	17	483.6340000	414.6653545
180.33	16.40740741	467.4570211	467.4570211
180.42	15.81481481	459.9153544	459.9153544
180.50	15.22222222	452.3736878	452.3736878
180.58	14.62962963	444.8320211	444.8320211
180.67	14.03703704	437.2903544	437.2903544
180.75	13.44444444	429.7486878	429.7486878
180.83	12.85185185	422.2070211	422.2070211
180.92	12.25925926	414.6653545	414.6653545
181.00	11.66666667	407.1236878	407.1236878
181.08	11.07407407	399.5820211	399.5820211
181.17	10.48148148	392.0403545	392.0403545
181.25	9.888888889	384.4986878	384.4986878
181.33	9.296296296	376.9570212	376.9570212
181.42	8.703703704	369.4153545	369.4153545
181.50	8.111111111	361.8736878	361.8736878
181.58	7.518518519	354.3320212	354.3320212
181.67	6.925925926	346.7903545	346.7903545
181.75	6.333333333	339.2486879	339.2486879
181.83	5.740740741	331.7070212	331.7070212
181.92	5.148148148	324.1653546	324.1653546
182.00	4.555555556	316.6236879	316.6236879
182.08	3.962962963	309.0820212	309.0820212
182.17	3.37037037	301.5403546	301.5403546
182.25	2.777777778	293.9986879	293.9986879
182.33	2.185185185	286.4570213	286.4570213
182.42	1.592592593	278.9153546	278.9153546
182.50	1	271.3736879	271.3736879
182.58	1	263.8320213	263.8320213
182.67	1	256.2903546	256.2903546
182.75	1	248.7486880	248.748688
182.83	1	241.2070213	241.2070213
182.92	1	233.6653546	233.6653546
183.00	1	226.1236880	226.123688
183.08	1	218.5820213	218.5820213
183.17	1	211.0403547	211.0403547
183.25	1	203.4986880	203.498688
183.33	1	195.9570213	195.9570213
183.42	1	188.4153547	188.4153547
183.50	1	180.8736880	180.873688
183.58	1	173.3320214	173.3320214
183.67	1	165.7903547	165.7903547
183.75	1	158.2486880	158.248688
183.83	1	150.7070214	150.7070214
183.92	1	143.1653547	143.1653547
184.00	1	135.6236881	135.6236881
184.08	1	128.0820214	128.0820214
184.17	1	120.5403547	120.5403547
184.25	1	112.9986881	112.9986881
184.33	1	105.4570214	105.4570214
184.42	1	97.9153548	97.91535476
184.50	1	90.3736881	90.3736881
184.58	1	82.8320214	82.83202144
184.67	1	75.2903548	75.29035478
184.75	1	67.7486881	67.74868812
184.83	1	60.2070215	60.20702146
184.92	1	52.6653548	52.6653548
185.00	1	45.1236881	45.12368814
185.08	1	37.5820215	37.58202148
185.17	1	30.0403548	30.04035483
185.25	1	30.0000000	30
185.33	1	30.0000000	30
185.42	1	30.0000000	30
185.50	1	30.0000000	30
185.58	1	30.0000000	30
185.67	1	30.0000000	30
185.75	1	30.0000000	30
185.83	1	30.0000000	30
185.92	1	30.0000000	30
186.00	1	30.0000000	30
186.08	1	30.0000000	30
186.17	1	30.0000000	30
186.25	1	30.0000000	30
186.33	1	30.0000000	30
186.42	1	30.0000000	30
186.50	1	30.0000000	30
186.58	0.0	0.0             0.0



